age,sex,cp,trestbps,chol,fbs,restecg,thalach,exang,slope,thal,num
1,1.0,1,1,0,1.0,1,0.0,0.0,1,1,0
1,1.0,0,1,1,0.0,1,0.0,1.0,0,0,1
1,1.0,0,1,0,0.0,1,0.0,1.0,0,1,1
0,1.0,1,1,1,0.0,0,1.0,0.0,1,0,0
0,0.0,1,1,0,0.0,1,0.0,0.0,0,0,0
1,1.0,1,1,0,0.0,0,1.0,0.0,0,0,0
1,0.0,0,1,1,0.0,1,1.0,0.0,1,0,1
1,0.0,0,1,1,0.0,0,1.0,1.0,0,0,0
1,1.0,0,1,1,0.0,1,0.0,0.0,0,1,1
1,1.0,0,1,0,1.0,1,0.0,1.0,1,1,1
1,1.0,0,1,0,0.0,0,0.0,0.0,0,1,0
1,0.0,1,1,1,0.0,1,0.0,0.0,0,0,0
1,1.0,1,1,1,1.0,1,0.0,1.0,0,1,1
0,1.0,1,1,1,0.0,0,0.0,0.0,0,1,0
1,1.0,1,1,0,1.0,0,0.0,0.0,0,1,0
1,1.0,1,1,0,0.0,0,1.0,0.0,0,0,0
1,1.0,1,0,0,0.0,0,0.0,0.0,1,1,1
1,1.0,0,1,0,0.0,0,0.0,0.0,0,0,0
1,0.0,1,1,1,0.0,0,0.0,0.0,0,0,0
1,1.0,1,1,1,0.0,0,1.0,0.0,0,0,0
1,1.0,1,0,0,0.0,1,0.0,1.0,0,0,0
1,0.0,1,1,1,1.0,1,1.0,0.0,0,0,0
1,1.0,1,1,1,0.0,1,0.0,0.0,0,0,1
1,1.0,1,1,0,0.0,1,1.0,0.0,0,1,1
1,1.0,0,1,0,0.0,1,0.0,1.0,0,1,1
1,0.0,1,1,0,0.0,0,0.0,0.0,0,0,0
1,0.0,1,1,1,0.0,0,1.0,0.0,0,0,0
1,0.0,1,1,0,0.0,0,0.0,0.0,1,0,0
0,1.0,0,1,1,0.0,0,0.0,0.0,0,0,0
0,1.0,0,0,0,0.0,1,0.0,1.0,0,1,1
1,0.0,1,1,0,0.0,0,1.0,0.0,0,0,0
1,1.0,0,0,0,1.0,0,1.0,1.0,0,1,1
1,1.0,1,1,1,0.0,0,1.0,0.0,0,0,1
1,1.0,0,1,0,0.0,0,1.0,0.0,0,1,0
0,1.0,1,1,0,0.0,0,1.0,1.0,0,0,0
0,1.0,0,1,0,0.0,0,1.0,0.0,0,0,0
0,1.0,0,1,0,0.0,1,0.0,1.0,0,1,1
1,1.0,0,1,1,0.0,1,0.0,1.0,0,1,1
1,1.0,0,1,1,0.0,0,0.0,1.0,0,1,1
1,1.0,1,1,1,1.0,0,0.0,1.0,0,0,0
1,0.0,0,1,0,0.0,1,0.0,0.0,0,1,1
0,1.0,1,1,0,0.0,0,0.0,1.0,0,1,0
1,0.0,1,1,1,0.0,0,1.0,0.0,0,0,0
1,1.0,1,1,0,1.0,0,0.0,0.0,0,0,0
1,0.0,0,1,1,0.0,1,1.0,0.0,0,0,1
1,1.0,1,0,0,0.0,1,1.0,0.0,0,1,1
1,1.0,1,0,0,0.0,0,0.0,0.0,0,0,0
1,1.0,0,1,1,0.0,1,0.0,0.0,0,1,1
1,0.0,1,1,1,1.0,1,1.0,0.0,0,0,0
1,1.0,1,1,0,1.0,1,0.0,0.0,1,0,0
0,0.0,1,0,0,0.0,0,0.0,0.0,0,0,0
1,1.0,0,1,0,0.0,0,0.0,0.0,0,1,0
0,1.0,0,0,1,0.0,1,0.0,0.0,0,0,1
0,1.0,1,1,0,0.0,1,1.0,0.0,0,0,0
1,1.0,0,1,1,0.0,0,0.0,1.0,0,1,1
1,1.0,0,1,1,0.0,1,0.0,1.0,0,1,1
1,1.0,1,1,0,0.0,0,0.0,0.0,0,1,1
0,1.0,0,0,0,0.0,1,0.0,0.0,0,1,1
1,1.0,1,1,1,0.0,1,0.0,0.0,1,0,0
1,1.0,1,1,0,0.0,1,0.0,1.0,0,0,0
1,0.0,0,1,1,0.0,0,0.0,1.0,0,1,1
1,0.0,1,1,0,0.0,1,0.0,1.0,1,0,0
1,1.0,0,1,0,0.0,1,0.0,1.0,0,1,1
1,0.0,1,1,1,1.0,0,1.0,0.0,0,0,0
1,1.0,0,1,0,0.0,0,0.0,0.0,0,1,1
1,1.0,0,1,1,0.0,1,0.0,1.0,0,1,1
1,1.0,1,1,0,0.0,1,0.0,0.0,0,0,1
1,1.0,1,1,0,0.0,1,0.0,0.0,0,1,0
1,1.0,0,1,1,0.0,1,0.0,1.0,1,1,1
1,1.0,1,1,0,0.0,0,0.0,0.0,0,0,1
1,0.0,1,1,1,0.0,0,0.0,0.0,0,0,0
1,1.0,0,1,1,1.0,0,1.0,0.0,0,1,1
1,1.0,0,1,1,0.0,0,0.0,1.0,0,1,1
1,1.0,0,0,1,0.0,1,1.0,0.0,0,1,1
0,1.0,0,0,0,0.0,1,1.0,0.0,0,0,1
1,0.0,1,1,1,0.0,1,0.0,0.0,0,0,0
1,1.0,0,1,1,0.0,1,0.0,1.0,0,1,1
1,0.0,1,1,1,0.0,1,0.0,0.0,0,0,0
1,1.0,1,1,1,0.0,1,1.0,0.0,0,0,0
1,1.0,0,1,1,0.0,1,0.0,1.0,0,1,1
1,1.0,0,0,0,0.0,1,0.0,1.0,0,0,0
1,0.0,0,1,1,0.0,1,0.0,0.0,0,0,0
0,1.0,1,1,1,0.0,1,1.0,0.0,0,0,0
1,1.0,1,1,1,1.0,1,0.0,1.0,0,1,1
1,1.0,1,1,1,0.0,0,1.0,0.0,0,0,0
0,1.0,1,1,0,0.0,1,1.0,0.0,0,0,0
1,1.0,1,1,1,0.0,1,0.0,0.0,0,0,0
1,0.0,0,1,0,0.0,1,0.0,0.0,0,0,0
1,0.0,1,1,1,0.0,1,0.0,0.0,0,0,0
1,1.0,0,1,1,0.0,1,0.0,0.0,0,0,0
1,0.0,0,1,0,0.0,1,0.0,0.0,1,1,1
1,1.0,1,1,0,0.0,0,0.0,0.0,0,1,0
0,0.0,1,0,0,0.0,0,0.0,0.0,0,0,0
1,0.0,1,1,1,0.0,1,1.0,0.0,0,0,0
1,1.0,0,1,1,0.0,0,0.0,1.0,0,1,1
1,1.0,0,0,0,0.0,1,0.0,1.0,0,1,1
1,0.0,0,1,1,0.0,1,0.0,0.0,0,1,1
1,1.0,1,1,0,0.0,0,0.0,0.0,0,0,0
1,1.0,0,1,0,0.0,1,1.0,0.0,0,0,0
1,1.0,0,0,1,0.0,1,1.0,0.0,0,0,0
0,1.0,1,0,0,0.0,1,0.0,0.0,0,0,0
1,0.0,0,1,1,0.0,1,0.0,0.0,0,0,0
1,0.0,1,0,1,1.0,1,0.0,0.0,0,0,0
1,1.0,1,1,0,0.0,0,0.0,0.0,0,1,1
1,1.0,1,0,1,0.0,0,0.0,0.0,0,1,0
1,1.0,0,1,0,0.0,0,1.0,1.0,0,1,1
1,1.0,1,1,0,0.0,1,0.0,0.0,0,1,1
1,1.0,0,1,1,0.0,0,0.0,1.0,0,1,1
0,1.0,0,0,0,0.0,0,0.0,0.0,0,1,1
1,0.0,0,1,1,0.0,1,0.0,1.0,0,1,1
1,1.0,0,1,1,1.0,1,0.0,1.0,0,0,1
1,1.0,1,0,0,0.0,1,1.0,0.0,0,1,0
0,0.0,0,1,1,1.0,1,0.0,1.0,0,1,1
1,0.0,1,1,1,0.0,0,0.0,0.0,0,1,1
0,1.0,1,1,0,0.0,0,0.0,0.0,0,1,0
1,1.0,1,1,0,1.0,1,1.0,0.0,0,0,0
0,0.0,0,1,0,0.0,0,0.0,0.0,0,0,0
1,1.0,0,1,1,1.0,1,0.0,1.0,0,1,1
1,1.0,0,1,1,0.0,1,0.0,0.0,0,1,1
1,1.0,0,1,1,1.0,1,0.0,1.0,0,1,1
1,0.0,0,1,1,0.0,1,0.0,0.0,0,1,1
1,1.0,1,0,0,0.0,0,0.0,1.0,0,0,0
1,1.0,0,1,0,0.0,0,0.0,1.0,1,1,1
1,1.0,1,1,1,1.0,1,1.0,0.0,0,0,1
1,0.0,1,1,0,0.0,1,1.0,0.0,0,0,0
1,0.0,0,1,1,1.0,1,0.0,1.0,1,1,1
1,1.0,0,0,0,0.0,0,0.0,1.0,0,1,1
0,1.0,1,1,0,0.0,0,0.0,0.0,0,0,0
1,0.0,0,1,0,0.0,0,1.0,0.0,0,0,0
1,1.0,1,1,1,0.0,1,0.0,0.0,0,1,0
1,1.0,1,0,0,0.0,0,0.0,1.0,0,1,0
0,1.0,1,1,0,0.0,1,1.0,0.0,0,0,0
1,1.0,0,1,1,0.0,1,1.0,1.0,0,0,0
0,0.0,1,1,0,0.0,0,0.0,0.0,0,0,0
1,0.0,1,1,1,0.0,1,0.0,0.0,0,0,0
1,1.0,0,1,0,0.0,0,0.0,1.0,1,1,1
1,1.0,1,1,1,0.0,1,0.0,0.0,0,1,1
0,1.0,0,1,0,0.0,0,0.0,1.0,0,1,1
1,1.0,1,1,1,1.0,1,0.0,0.0,0,0,0
1,1.0,1,1,0,0.0,0,1.0,1.0,0,0,0
1,1.0,1,1,1,0.0,1,0.0,0.0,0,1,1
1,1.0,1,1,0,1.0,0,1.0,0.0,0,0,0
1,1.0,1,1,1,0.0,0,0.0,1.0,0,1,1
1,1.0,1,0,1,0.0,1,0.0,1.0,0,1,0
1,1.0,1,0,1,0.0,0,0.0,0.0,0,0,1
1,1.0,0,1,1,1.0,1,0.0,0.0,0,1,1
0,1.0,1,0,1,0.0,0,1.0,0.0,0,0,0
1,1.0,1,1,1,0.0,1,0.0,0.0,0,0,0
1,0.0,1,0,1,0.0,0,1.0,0.0,0,0,0
1,1.0,1,1,1,1.0,0,1.0,0.0,0,1,0
0,0.0,0,0,1,0.0,1,0.0,0.0,0,0,0
1,0.0,1,0,1,0.0,1,1.0,0.0,0,1,0
1,1.0,0,1,1,0.0,1,0.0,1.0,0,1,1
1,1.0,0,1,1,0.0,1,0.0,1.0,1,0,1
1,1.0,0,1,1,0.0,1,0.0,0.0,0,0,1
1,1.0,0,1,1,0.0,0,1.0,1.0,0,1,1
1,1.0,0,1,1,0.0,1,1.0,0.0,0,1,1
1,1.0,0,1,1,0.0,1,1.0,0.0,0,1,1
1,1.0,1,0,1,0.0,0,0.0,0.0,0,1,0
1,1.0,1,0,0,1.0,0,0.0,0.0,0,1,0
1,1.0,0,1,1,0.0,1,1.0,1.0,0,0,1
1,0.0,1,0,0,0.0,0,0.0,0.0,0,0,0
1,0.0,0,0,1,0.0,1,0.0,0.0,0,0,0
1,1.0,1,1,1,1.0,0,1.0,0.0,0,0,0
1,1.0,0,1,0,0.0,0,1.0,1.0,0,1,0
1,0.0,1,1,1,1.0,1,0.0,1.0,0,0,0
0,1.0,0,1,1,0.0,1,0.0,1.0,0,1,1
1,0.0,1,0,0,0.0,0,0.0,0.0,0,0,0
1,1.0,1,1,1,0.0,0,0.0,1.0,0,1,1
1,1.0,0,1,0,0.0,1,0.0,1.0,0,1,0
1,0.0,0,1,1,0.0,0,0.0,1.0,0,0,1
1,0.0,0,1,1,0.0,1,0.0,0.0,0,0,0
1,1.0,0,1,0,0.0,1,0.0,0.0,0,1,1
1,1.0,0,1,1,0.0,0,0.0,1.0,0,1,1
1,1.0,0,0,0,1.0,0,0.0,0.0,0,1,0
1,1.0,0,1,0,0.0,1,0.0,1.0,0,1,1
0,1.0,1,1,1,0.0,0,0.0,0.0,0,0,0
1,1.0,1,1,1,1.0,1,1.0,0.0,0,0,0
1,1.0,0,1,1,0.0,1,0.0,0.0,0,1,1
1,0.0,0,1,1,0.0,1,0.0,1.0,0,1,1
0,1.0,1,1,1,0.0,1,1.0,0.0,0,0,0
1,1.0,1,1,1,0.0,1,0.0,0.0,1,1,0
1,0.0,0,1,1,0.0,1,1.0,0.0,0,0,1
1,0.0,1,1,0,0.0,0,1.0,0.0,0,0,0
0,1.0,1,1,1,1.0,0,1.0,0.0,1,1,0
1,1.0,1,1,1,0.0,0,0.0,1.0,0,1,1
1,1.0,1,1,1,0.0,1,1.0,0.0,0,1,1
1,1.0,1,1,1,0.0,1,0.0,0.0,0,1,1
1,1.0,1,1,0,0.0,0,0.0,0.0,0,0,0
1,1.0,0,1,1,0.0,0,0.0,1.0,0,1,1
1,0.0,0,1,1,1.0,0,0.0,0.0,0,0,1
1,0.0,1,1,0,0.0,1,0.0,0.0,0,0,0
1,1.0,0,0,1,0.0,1,0.0,1.0,0,0,1
1,1.0,1,1,0,1.0,1,0.0,0.0,0,0,0
1,0.0,0,1,0,0.0,1,0.0,1.0,0,0,0
1,0.0,1,1,1,0.0,0,0.0,0.0,0,0,0
1,1.0,1,1,1,0.0,1,0.0,0.0,0,0,1
1,0.0,0,0,1,0.0,1,0.0,0.0,0,0,0
1,0.0,0,1,1,0.0,0,0.0,1.0,0,0,0
1,1.0,1,1,0,1.0,0,1.0,0.0,0,1,0
1,0.0,1,1,1,0.0,0,0.0,0.0,0,1,0
0,1.0,0,0,0,0.0,0,0.0,0.0,0,1,0
1,1.0,0,1,1,0.0,1,0.0,1.0,0,1,1
1,1.0,0,1,1,0.0,1,0.0,1.0,0,1,1
1,1.0,0,1,0,0.0,1,0.0,1.0,0,1,1
1,1.0,1,1,1,0.0,0,0.0,0.0,0,0,0
1,0.0,0,1,1,0.0,0,0.0,1.0,0,0,1
0,0.0,1,1,0,0.0,0,0.0,0.0,0,0,0
0,1.0,1,1,0,0.0,0,1.0,1.0,0,1,1
0,1.0,1,1,0,0.0,1,0.0,0.0,0,0,0
1,0.0,0,1,0,1.0,0,1.0,1.0,0,1,1
1,1.0,0,0,0,0.0,0,0.0,0.0,0,0,1
1,1.0,1,1,0,0.0,1,0.0,0.0,0,1,0
1,0.0,1,0,0,0.0,0,0.0,0.0,0,0,0
1,0.0,0,1,1,0.0,1,0.0,1.0,0,0,0
1,0.0,0,1,1,0.0,0,0.0,0.0,0,0,0
1,1.0,0,1,1,0.0,1,1.0,0.0,0,0,0
0,0.0,1,0,1,0.0,1,0.0,1.0,0,0,0
1,0.0,1,0,1,0.0,1,1.0,0.0,0,0,0
0,0.0,1,0,0,0.0,0,0.0,0.0,0,0,0
1,1.0,0,1,1,0.0,0,0.0,1.0,0,1,1
1,0.0,0,0,1,0.0,0,1.0,1.0,0,0,1
0,0.0,1,0,0,0.0,0,1.0,0.0,0,0,0
1,1.0,0,0,0,0.0,0,0.0,0.0,0,0,0
1,0.0,1,1,1,0.0,0,1.0,0.0,0,0,0
1,1.0,0,0,0,0.0,1,0.0,1.0,0,0,1
1,1.0,0,0,0,0.0,1,0.0,1.0,0,0,1
1,0.0,1,1,0,0.0,1,1.0,0.0,0,0,0
1,0.0,0,1,1,0.0,1,0.0,1.0,0,0,1
1,1.0,1,0,0,0.0,1,0.0,0.0,0,0,1
1,0.0,1,1,1,0.0,1,0.0,1.0,0,0,0
1,0.0,1,1,0,0.0,0,0.0,0.0,0,0,0
1,1.0,0,1,1,0.0,1,0.0,1.0,0,0,1
1,1.0,0,1,1,1.0,1,0.0,1.0,1,1,1
1,1.0,0,1,1,0.0,1,0.0,0.0,0,1,1
1,0.0,1,1,1,0.0,0,0.0,0.0,0,0,0
0,1.0,1,1,1,0.0,0,0.0,0.0,0,0,0
0,1.0,1,0,0,0.0,0,0.0,0.0,0,0,0
0,0.0,1,1,1,0.0,0,0.0,0.0,0,0,0
1,0.0,0,1,1,0.0,0,0.0,0.0,0,0,0
1,1.0,1,1,0,0.0,0,0.0,0.0,0,0,1
1,0.0,1,1,0,1.0,0,0.0,0.0,0,0,0
1,1.0,0,1,0,0.0,0,0.0,0.0,0,0,1
1,1.0,0,0,0,0.0,0,0.0,0.0,0,1,1
1,1.0,0,0,1,0.0,1,0.0,1.0,0,0,1
1,1.0,0,1,0,0.0,0,1.0,0.0,0,1,1
1,1.0,1,1,0,1.0,1,0.0,0.0,0,0,0
1,1.0,0,0,0,0.0,0,0.0,1.0,0,1,0
1,1.0,0,1,0,0.0,0,0.0,0.0,0,1,1
1,1.0,0,1,1,0.0,0,0.0,1.0,0,1,0
1,0.0,1,1,1,0.0,1,0.0,0.0,0,0,0
0,1.0,0,0,1,0.0,0,1.0,0.0,0,0,0
0,0.0,1,1,0,0.0,0,0.0,0.0,0,0,0
1,0.0,0,0,0,0.0,0,0.0,0.0,0,0,0
1,0.0,1,1,0,0.0,1,0.0,0.0,0,0,0
1,1.0,1,1,1,0.0,1,0.0,0.0,0,0,0
1,1.0,1,1,1,0.0,0,0.0,0.0,0,1,1
0,0.0,1,0,1,0.0,0,0.0,0.0,0,0,0
1,0.0,1,1,1,1.0,1,0.0,0.0,0,0,1
1,0.0,1,1,1,0.0,0,1.0,0.0,0,0,0
0,1.0,1,1,0,0.0,0,0.0,0.0,0,0,0
1,1.0,0,1,0,0.0,1,0.0,1.0,0,0,1
0,1.0,0,1,1,0.0,0,0.0,1.0,0,1,1
1,1.0,1,1,0,1.0,0,0.0,0.0,0,1,1
0,1.0,0,1,0,0.0,0,1.0,0.0,0,1,1
0,1.0,1,1,0,0.0,0,0.0,0.0,0,0,0
1,1.0,0,1,0,0.0,1,0.0,1.0,0,1,1
1,1.0,0,1,0,0.0,1,0.0,0.0,0,1,0
1,1.0,0,1,1,0.0,0,0.0,1.0,0,1,1
1,0.0,0,0,0,0.0,0,0.0,0.0,0,0,0
1,1.0,1,1,0,0.0,0,1.0,0.0,0,0,1
1,1.0,1,1,0,0.0,1,0.0,0.0,0,1,0
1,0.0,1,1,1,0.0,1,0.0,0.0,0,0,0
0,0.0,1,1,0,0.0,0,0.0,0.0,0,0,0
1,1.0,1,1,0,0.0,1,1.0,0.0,0,0,1
1,0.0,0,1,0,0.0,0,0.0,0.0,0,0,0
1,1.0,0,0,1,0.0,0,0.0,1.0,0,1,1
1,1.0,1,1,1,0.0,0,1.0,0.0,0,0,0
1,0.0,0,1,0,0.0,1,0.0,1.0,0,1,1
0,1.0,1,1,0,0.0,0,0.0,0.0,0,0,0
1,1.0,0,1,0,0.0,0,1.0,0.0,0,1,1
1,1.0,0,0,1,0.0,1,0.0,0.0,1,1,1
1,0.0,0,1,0,1.0,1,0.0,1.0,0,1,1
1,1.0,1,1,0,0.0,1,0.0,0.0,0,1,0
1,1.0,1,1,1,0.0,0,1.0,0.0,1,0,0
1,1.0,1,1,0,0.0,1,0.0,0.0,0,1,1
1,0.0,1,1,1,0.0,0,1.0,0.0,0,0,0
0,1.0,0,1,0,0.0,0,0.0,1.0,1,1,1
1,1.0,0,1,0,0.0,1,0.0,1.0,0,1,1
1,0.0,0,1,0,0.0,0,0.0,1.0,0,0,1
0,1.0,1,1,0,0.0,0,1.0,0.0,0,0,0
1,1.0,0,1,0,1.0,1,0.0,0.0,0,1,1
1,0.0,0,1,1,0.0,0,0.0,1.0,0,1,1
1,1.0,1,0,1,0.0,0,0.0,0.0,0,1,1
1,1.0,0,1,0,1.0,0,0.0,0.0,0,1,1
1,1.0,0,1,0,0.0,0,0.0,1.0,0,1,1
1,0.0,1,1,0,0.0,1,1.0,0.0,0,0,1
